    t              u1             u2
0.000909091    0.000909091      -0.412154
0.00181787     0.00181821      -0.412306
0.00272634     0.00272737      -0.412454
0.00363451     0.00363655        -0.4126
0.00454236     0.00454576      -0.412743
0.00544991     0.00545501      -0.412883
0.00635715     0.00636429      -0.413021
0.00726407     0.00727359      -0.413155
0.0081707     0.00818293      -0.413287
0.00907701      0.0090923      -0.413416
0.00998302      0.0100017      -0.413542
0.0108887      0.0109111      -0.413665
0.0117941      0.0118206      -0.413786
0.0126992      0.0127301      -0.413903
0.013604      0.0136396      -0.414018
0.0145084      0.0145492       -0.41413
0.0154126      0.0154587      -0.414239
0.0163165      0.0163684      -0.414346
0.01722       0.017278      -0.414449
0.0181233      0.0181877       -0.41455
0.0190262      0.0190974      -0.414648
0.0199289      0.0200071      -0.414743
0.0208312      0.0209169      -0.414835
0.0217332      0.0218267      -0.414925
0.022635      0.0227365      -0.415011
0.0235364      0.0236464      -0.415095
0.0244375      0.0245562      -0.415176
0.0253384      0.0254662      -0.415255
0.0262389      0.0263761       -0.41533
0.0271391      0.0272861      -0.415403
0.028039      0.0281961      -0.415473
0.0289386      0.0291061       -0.41554
0.0298379      0.0300162      -0.415604
0.030737      0.0309263      -0.415665
0.0316357      0.0318364      -0.415724
0.0325341      0.0327466       -0.41578
0.0334322      0.0336568      -0.415833
0.03433       0.034567      -0.415883
0.0352276      0.0354772      -0.415931
0.0361248      0.0363875      -0.415976
0.0370217      0.0372978      -0.416018
0.0379183      0.0382082      -0.416057
0.0388147      0.0391185      -0.416093
0.0397107      0.0400289      -0.416127
0.0406064      0.0409394      -0.416158
0.0415019      0.0418498      -0.416186
0.042397      0.0427603      -0.416211
0.0432919      0.0436708      -0.416233
0.0441865      0.0445814      -0.416253
0.0450807      0.0454919       -0.41627
0.0459747      0.0464025      -0.416284
0.0468684      0.0473132      -0.416295
0.0477618      0.0482238      -0.416304
0.0486549      0.0491345       -0.41631
0.0495477      0.0500452      -0.416313
0.0504402       0.050956      -0.416313
0.0513324      0.0518668      -0.416311
0.0522244      0.0527776      -0.416305
0.053116      0.0536884      -0.416297
0.0540074      0.0545993      -0.416287
0.0548985      0.0555102      -0.416273
0.0557892      0.0564211      -0.416257
0.0566797       0.057332      -0.416238
0.05757       0.058243      -0.416216
0.0584599       0.059154      -0.416191
0.0593495       0.060065      -0.416164
0.0602389      0.0609761      -0.416134
0.0611279      0.0618872      -0.416101
0.0620167      0.0627983      -0.416066
0.0629052      0.0637095      -0.416027
0.0637935      0.0646207      -0.415986
0.0646814      0.0655319      -0.415943
0.0655691      0.0664431      -0.415896
0.0664564      0.0673544      -0.415847
0.0673435      0.0682656      -0.415795
0.0682303       0.069177       -0.41574
0.0691169      0.0700883      -0.415682
0.0700031      0.0709997      -0.415622
0.0708891      0.0719111      -0.415559
0.0717748      0.0728225      -0.415494
0.0726603       0.073734      -0.415425
0.0735454      0.0746455      -0.415354
0.0744303       0.075557       -0.41528
0.0753149      0.0764685      -0.415203
0.0761992      0.0773801      -0.415124
0.0770833      0.0782917      -0.415042
0.077967      0.0792033      -0.414957
0.0788505      0.0801149       -0.41487
0.0797338      0.0810266      -0.414779
0.0806167      0.0819383      -0.414687
0.0814994      0.0828501      -0.414591
0.0823819      0.0837618      -0.414493
0.083264      0.0846736      -0.414391
0.0841459      0.0855854      -0.414288
0.0850275      0.0864972      -0.414181
0.0859089      0.0874091      -0.414072
0.08679       0.088321       -0.41396
0.0876708      0.0892329      -0.413845
0.0885513      0.0901449      -0.413728
0.0894316      0.0910568      -0.413608
0.0903116      0.0919688      -0.413485
0.0911914      0.0928809       -0.41336
0.0920709      0.0937929      -0.413232
0.0929501       0.094705      -0.413101
0.0938291      0.0956171      -0.412967
0.0947078      0.0965292      -0.412831
0.0955863      0.0974414      -0.412692
0.0964645      0.0983535      -0.412551
0.0973425      0.0992658      -0.412407
0.0982201       0.100178       -0.41226
0.0990976        0.10109       -0.41211
0.0999747       0.102003      -0.411958
0.100852       0.102915      -0.411803
0.101728       0.103827      -0.411645
0.102605        0.10474      -0.411485
0.103481       0.105652      -0.411322
0.104357       0.106564      -0.411156
0.105232       0.107477      -0.410988
0.106108       0.108389      -0.410817
0.106983       0.109302      -0.410643
0.107858       0.110214      -0.410467
0.108733       0.111127      -0.410287
0.109607       0.112039      -0.410106
0.110481       0.112952      -0.409921
0.111355       0.113864      -0.409734
0.112229       0.114777      -0.409545
0.113102        0.11569      -0.409352
0.113975       0.116602      -0.409157
0.114848       0.117515       -0.40896
0.115721       0.118428       -0.40876
0.116594       0.119341      -0.408557
0.117466       0.120253      -0.408351
0.118338       0.121166      -0.408143
0.119209       0.122079      -0.407932
0.120081       0.122992      -0.407719
0.120952       0.123905      -0.407502
0.121823       0.124818      -0.407284
0.122694       0.125731      -0.407062
0.123565       0.126644      -0.406838
0.124435       0.127557      -0.406611
0.125305       0.128469      -0.406382
0.126175       0.129383       -0.40615
0.127045       0.130296      -0.405916
0.127914       0.131209      -0.405678
0.128783       0.132122      -0.405439
0.129652       0.133035      -0.405196
0.130521       0.133948      -0.404951
0.131389       0.134861      -0.404703
0.132258       0.135774      -0.404453
0.133126       0.136687        -0.4042
0.133994       0.137601      -0.403945
0.134861       0.138514      -0.403687
0.135729       0.139427      -0.403426
0.136596        0.14034      -0.403162
0.137463       0.141254      -0.402896
0.138329       0.142167      -0.402628
0.139196        0.14308      -0.402357
0.140062       0.143994      -0.402083
0.140928       0.144907      -0.401807
0.141794       0.145821      -0.401528
0.14266       0.146734      -0.401246
0.143525       0.147647      -0.400962
0.14439       0.148561      -0.400675
0.145255       0.149474      -0.400386
0.14612       0.150388      -0.400094
0.146985       0.151302      -0.399799
0.147849       0.152215      -0.399502
0.148713       0.153129      -0.399202
0.149577       0.154042        -0.3989
0.150441       0.154956      -0.398595
0.151305        0.15587      -0.398288
0.152168       0.156783      -0.397978
0.153031       0.157697      -0.397665
0.153894       0.158611       -0.39735
0.154757       0.159524      -0.397032
0.155619       0.160438      -0.396712
0.156482       0.161352      -0.396389
0.157344       0.162266      -0.396064
0.158206       0.163179      -0.395736
0.159068       0.164093      -0.395405
0.159929       0.165007      -0.395072
0.160791       0.165921      -0.394736
0.161652       0.166835      -0.394398
0.162513       0.167749      -0.394057
0.163374       0.168663      -0.393714
0.164234       0.169577      -0.393368
0.165095       0.170491       -0.39302
0.165955       0.171405      -0.392669
0.166815       0.172319      -0.392315
0.167675       0.173233      -0.391959
0.168535       0.174147        -0.3916
0.169394       0.175061      -0.391239
0.170253       0.175975      -0.390875
0.171112       0.176889      -0.390509
0.171971       0.177803       -0.39014
0.17283       0.178717      -0.389769
0.173689       0.179631      -0.389395
0.174547       0.180545      -0.389019
0.175405       0.181459       -0.38864
0.176264       0.182374      -0.388258
0.177121       0.183288      -0.387874
0.177979       0.184202      -0.387488
0.178837       0.185116      -0.387099
0.179694       0.186031      -0.386707
0.180551       0.186945      -0.386313
0.181408       0.187859      -0.385917
0.182265       0.188773      -0.385517
0.183122       0.189688      -0.385116
0.183979       0.190602      -0.384712
0.184835       0.191517      -0.384305
0.185691       0.192431      -0.383896
0.186547       0.193345      -0.383484
0.187403        0.19426       -0.38307
0.188259       0.195174      -0.382653
0.189114       0.196089      -0.382234
0.18997       0.197003      -0.381812
0.190825       0.197917      -0.381388
0.19168       0.198832      -0.380962
0.192535       0.199746      -0.380532
0.19339       0.200661      -0.380101
0.194245       0.201576      -0.379667
0.195099        0.20249       -0.37923
0.195954       0.203405      -0.378791
0.196808       0.204319      -0.378349
0.197662       0.205234      -0.377905
0.198516       0.206148      -0.377459
0.19937       0.207063      -0.377009
0.200223       0.207978      -0.376558
0.201077       0.208892      -0.376104
0.20193       0.209807      -0.375647
0.202783       0.210722      -0.375188
0.203636       0.211636      -0.374727
0.204489       0.212551      -0.374263
0.205342       0.213466      -0.373797
0.206195       0.214381      -0.373328
0.207047       0.215295      -0.372856
0.2079        0.21621      -0.372382
0.208752       0.217125      -0.371906
0.209604        0.21804      -0.371427
0.210456       0.218954      -0.370946
0.211308       0.219869      -0.370463
0.21216       0.220784      -0.369976
0.213012       0.221699      -0.369488
0.213863       0.222614      -0.368997
0.214714       0.223529      -0.368503
0.215566       0.224443      -0.368007
0.216417       0.225358      -0.367509
0.217268       0.226273      -0.367008
0.218119       0.227188      -0.366505
0.21897       0.228103      -0.365999
0.21982       0.229018      -0.365491
0.220671       0.229933       -0.36498
0.221521       0.230848      -0.364467
0.222372       0.231763      -0.363952
0.223222       0.232678      -0.363434
0.224072       0.233593      -0.362913
0.224922       0.234508      -0.362391
0.225772       0.235423      -0.361865
0.226622       0.236338      -0.361338
0.227472       0.237253      -0.360808
0.228321       0.238168      -0.360275
0.229171       0.239083       -0.35974
0.23002       0.239998      -0.359203
0.23087       0.240913      -0.358663
0.231719       0.241828      -0.358121
0.232568       0.242743      -0.357576
0.233417       0.243658      -0.357029
0.234266       0.244573      -0.356479
0.235115       0.245489      -0.355927
0.235963       0.246404      -0.355373
0.236812       0.247319      -0.354816
0.237661       0.248234      -0.354257
0.238509       0.249149      -0.353696
0.239358       0.250064      -0.353132
0.240206       0.250979      -0.352565
0.241054       0.251895      -0.351996
0.241902        0.25281      -0.351425
0.24275       0.253725      -0.350852
0.243598        0.25464      -0.350276
0.244446       0.255555      -0.349697
0.245294       0.256471      -0.349116
0.246142       0.257386      -0.348533
0.24699       0.258301      -0.347948
0.247837       0.259216       -0.34736
0.248685       0.260131      -0.346769
0.249533       0.261047      -0.346176
0.25038       0.261962      -0.345581
0.251227       0.262877      -0.344984
0.252075       0.263793      -0.344384
0.252922       0.264708      -0.343781
0.253769       0.265623      -0.343177
0.254616       0.266538      -0.342569
0.255463       0.267454       -0.34196
0.25631       0.268369      -0.341348
0.257157       0.269284      -0.340734
0.258004         0.2702      -0.340117
0.258851       0.271115      -0.339498
0.259698        0.27203      -0.338877
0.260545       0.272946      -0.338253
0.261391       0.273861      -0.337627
0.262238       0.274776      -0.336998
0.263085       0.275692      -0.336367
0.263931       0.276607      -0.335734
0.264778       0.277522      -0.335098
0.265624       0.278438       -0.33446
0.266471       0.279353       -0.33382
0.267317       0.280268      -0.333177
0.268163       0.281184      -0.332532
0.26901       0.282099      -0.331885
0.269856       0.283014      -0.331235
0.270702        0.28393      -0.330583
0.271549       0.284845      -0.329928
0.272395       0.285761      -0.329271
0.273241       0.286676      -0.328612
0.274087       0.287591       -0.32795
0.274933       0.288507      -0.327286
0.275779       0.289422       -0.32662
0.276625       0.290337      -0.325951
0.277471       0.291253       -0.32528
0.278318       0.292168      -0.324607
0.279164       0.293084      -0.323931
0.28001       0.293999      -0.323253
0.280856       0.294914      -0.322573
0.281702        0.29583       -0.32189
0.282548       0.296745      -0.321205
0.283394       0.297661      -0.320517
0.28424       0.298576      -0.319827
0.285086       0.299491      -0.319135
0.285931       0.300407      -0.318441
0.286777       0.301322      -0.317744
0.287623       0.302238      -0.317045
0.288469       0.303153      -0.316343
0.289315       0.304068      -0.315639
0.290161       0.304984      -0.314933
0.291007       0.305899      -0.314225
0.291853       0.306815      -0.313514
0.292699        0.30773      -0.312801
0.293545       0.308645      -0.312085
0.294391       0.309561      -0.311367
0.295237       0.310476      -0.310647
0.296083       0.311392      -0.309925
0.296929       0.312307        -0.3092
0.297775       0.313222      -0.308473
0.298621       0.314138      -0.307743
0.299468       0.315053      -0.307011
0.300314       0.315969      -0.306277
0.30116       0.316884      -0.305541
0.302006       0.317799      -0.304802
0.302852       0.318715      -0.304061
0.303699        0.31963      -0.303318
0.304545       0.320546      -0.302572
0.305391       0.321461      -0.301824
0.306237       0.322376      -0.301073
0.307084       0.323292      -0.300321
0.30793       0.324207      -0.299566
0.308777       0.325122      -0.298808
0.309623       0.326038      -0.298049
0.31047       0.326953      -0.297287
0.311316       0.327868      -0.296523
0.312163       0.328784      -0.295756
0.31301       0.329699      -0.294987
0.313856       0.330614      -0.294216
0.314703        0.33153      -0.293443
0.31555       0.332445      -0.292667
0.316397        0.33336      -0.291889
0.317244       0.334276      -0.291108
0.318091       0.335191      -0.290326
0.318938       0.336106      -0.289541
0.319785       0.337021      -0.288753
0.320632       0.337937      -0.287964
0.32148       0.338852      -0.287172
0.322327       0.339767      -0.286378
0.323174       0.340683      -0.285581
0.324022       0.341598      -0.284782
0.324869       0.342513      -0.283981
0.325717       0.343428      -0.283178
0.326565       0.344344      -0.282372
0.327412       0.345259      -0.281564
0.32826       0.346174      -0.280754
0.329108       0.347089      -0.279941
0.329956       0.348004      -0.279126
0.330804        0.34892      -0.278309
0.331653       0.349835      -0.277489
0.332501        0.35075      -0.276668
0.333349       0.351665      -0.275844
0.334198        0.35258      -0.275017
0.335046       0.353495      -0.274189
0.335895       0.354411      -0.273358
0.336744       0.355326      -0.272524
0.337593       0.356241      -0.271689
0.338442       0.357156      -0.270851
0.339291       0.358071      -0.270011
0.34014       0.358986      -0.269168
0.340989       0.359901      -0.268324
0.341838       0.360816      -0.267477
0.342688       0.361731      -0.266628
0.343538       0.362646      -0.265776
0.344387       0.363561      -0.264922
0.345237       0.364476      -0.264066
0.346087       0.365391      -0.263208
0.346937       0.366306      -0.262347
0.347788       0.367221      -0.261484
0.348638       0.368136      -0.260619
0.349488       0.369051      -0.259751
0.350339       0.369966      -0.258881
0.35119       0.370881      -0.258009
0.352041       0.371796      -0.257135
0.352892       0.372711      -0.256258
0.353743       0.373626      -0.255379
0.354594       0.374541      -0.254498
0.355445       0.375455      -0.253614
0.356297        0.37637      -0.252729
0.357149       0.377285       -0.25184
0.358001         0.3782       -0.25095
0.358853       0.379115      -0.250057
0.359705        0.38003      -0.249163
0.360557       0.380944      -0.248265
0.36141       0.381859      -0.247366
0.362262       0.382774      -0.246464
0.363115       0.383688       -0.24556
0.363968       0.384603      -0.244654
0.364821       0.385518      -0.243745
0.365674       0.386433      -0.242834
0.366528       0.387347      -0.241921
0.367381       0.388261      -0.241006
0.368232       0.389173      -0.240092
0.369081       0.390083      -0.239177
0.369929        0.39099      -0.238261
0.370775       0.391896      -0.237346
0.371619       0.392799       -0.23643
0.372462       0.393701      -0.235515
0.373303         0.3946      -0.234599
0.374142       0.395498      -0.233683
0.374979       0.396393      -0.232766
0.375815       0.397287       -0.23185
0.376649       0.398178      -0.230933
0.377482       0.399068      -0.230017
0.378313       0.399955        -0.2291
0.379142       0.400841      -0.228183
0.37997       0.401725      -0.227265
0.380796       0.402607      -0.226348
0.38162       0.403486       -0.22543
0.382443       0.404364      -0.224513
0.383265       0.405241      -0.223595
0.384085       0.406115      -0.222677
0.384903       0.406987      -0.221759
0.38572       0.407858       -0.22084
0.386535       0.408727      -0.219922
0.387349       0.409594      -0.219003
0.388162       0.410459      -0.218085
0.388973       0.411322      -0.217166
0.389782       0.412184      -0.216247
0.39059       0.413043      -0.215327
0.391397       0.413901      -0.214408
0.392202       0.414758      -0.213489
0.393006       0.415612      -0.212569
0.393808       0.416465      -0.211649
0.394609       0.417316      -0.210729
0.395409       0.418165      -0.209809
0.396207       0.419013      -0.208889
0.397004       0.419859      -0.207969
0.397799       0.420703      -0.207048
0.398593       0.421546      -0.206128
0.399386       0.422387      -0.205207
0.400178       0.423226      -0.204286
0.400968       0.424063      -0.203365
0.401757       0.424899      -0.202444
0.402544       0.425734      -0.201523
0.403331       0.426566      -0.200601
0.404116       0.427397       -0.19968
0.404899       0.428227      -0.198758
0.405682       0.429055      -0.197837
0.406463       0.429881      -0.196915
0.407243       0.430705      -0.195993
0.408022       0.431529      -0.195071
0.408799        0.43235      -0.194148
0.409575        0.43317      -0.193226
0.41035       0.433988      -0.192303
0.411124       0.434805      -0.191381
0.411897       0.435621      -0.190458
0.412668       0.436435      -0.189535
0.413439       0.437247      -0.188612
0.414208       0.438058      -0.187689
0.414976       0.438867      -0.186766
0.415742       0.439675      -0.185843
0.416508       0.440481      -0.184919
0.417272       0.441286      -0.183996
0.418036       0.442089      -0.183072
0.418798       0.442891      -0.182148
0.419559       0.443692      -0.181224
0.420319       0.444491        -0.1803
0.421078       0.445288      -0.179376
0.421836       0.446084      -0.178452
0.422592       0.446879      -0.177528
0.423348       0.447672      -0.176603
0.424103       0.448464      -0.175679
0.424856       0.449255      -0.174754
0.425608       0.450044      -0.173829
0.42636       0.450831      -0.172904
0.42711       0.451617      -0.171979
0.427859       0.452402      -0.171054
0.428608       0.453186      -0.170129
0.429355       0.453968      -0.169204
0.430101       0.454749      -0.168278
0.430846       0.455528      -0.167353
0.43159       0.456306      -0.166427
0.432333       0.457083      -0.165502
0.433075       0.457858      -0.164576
0.433816       0.458632       -0.16365
0.434557       0.459405      -0.162724
0.435296       0.460176      -0.161798
0.436034       0.460946      -0.160872
0.436771       0.461715      -0.159946
0.437507       0.462483      -0.159019
0.438243       0.463249      -0.158093
0.438977       0.464014      -0.157166
0.439711       0.464777      -0.156239
0.440443       0.465539      -0.155313
0.441175         0.4663      -0.154386
0.441905        0.46706      -0.153459
0.442635       0.467819      -0.152532
0.443364       0.468576      -0.151605
0.444092       0.469332      -0.150678
0.444819       0.470087       -0.14975
0.445545        0.47084      -0.148823
0.44627       0.471592      -0.147895
0.446994       0.472343      -0.146968
0.447717       0.473093       -0.14604
0.44844       0.473842      -0.145112
0.449162       0.474589      -0.144185
0.449882       0.475335      -0.143257
0.450602        0.47608      -0.142329
0.451321       0.476824      -0.141401
0.45204       0.477566      -0.140472
0.452757       0.478307      -0.139544
0.453474       0.479048      -0.138616
0.454189       0.479787      -0.137687
0.454904       0.480524      -0.136759
0.455618       0.481261       -0.13583
0.456331       0.481996      -0.134902
0.457044       0.482731      -0.133973
0.457755       0.483464      -0.133044
0.458466       0.484196      -0.132115
0.459176       0.484926      -0.131186
0.459885       0.485656      -0.130257
0.460594       0.486385      -0.129328
0.461301       0.487112      -0.128399
0.462008       0.487838      -0.127469
0.462714       0.488563       -0.12654
0.46342       0.489287       -0.12561
0.464124        0.49001      -0.124681
0.464828       0.490732      -0.123751
0.465531       0.491452      -0.122821
0.466233       0.492172      -0.121892
0.466934        0.49289      -0.120962
0.467635       0.493608      -0.120032
0.468335       0.494324      -0.119102
0.469034       0.495039      -0.118172
0.469733       0.495753      -0.117242
0.470431       0.496466      -0.116311
0.471128       0.497178      -0.115381
0.471824       0.497889      -0.114451
0.47252       0.498598       -0.11352
0.473215       0.499307       -0.11259
0.473909       0.500015      -0.111659
0.474602       0.500721      -0.110729
0.475295       0.501427      -0.109798
0.475987       0.502131      -0.108867
0.476678       0.502834      -0.107936
0.477369       0.503537      -0.107005
0.478059       0.504238      -0.106074
0.478748       0.504938      -0.105143
0.479437       0.505637      -0.104212
0.480125       0.506336      -0.103281
0.480812       0.507033       -0.10235
0.481499       0.507729      -0.101418
0.482185       0.508424      -0.100487
0.48287       0.509118     -0.0995554
0.483555       0.509811     -0.0986239
0.484239       0.510503     -0.0976923
0.484922       0.511194     -0.0967606
0.485605       0.511884     -0.0958289
0.486287       0.512573     -0.0948971
0.486969       0.513261     -0.0939652
0.487649       0.513948     -0.0930333
0.488329       0.514634     -0.0921013
0.489009       0.515319     -0.0911693
0.489688       0.516004     -0.0902372
0.490366       0.516687      -0.089305
0.491044       0.517369     -0.0883728
0.491721        0.51805     -0.0874405
0.492397        0.51873     -0.0865081
0.493073       0.519409     -0.0855757
0.493749       0.520088     -0.0846432
0.494423       0.520765     -0.0837107
0.495097       0.521441     -0.0827781
0.495771       0.522117     -0.0818455
0.496444       0.522791     -0.0809127
0.497116       0.523464       -0.07998
0.497788       0.524137     -0.0790471
0.498459       0.524808     -0.0781143
0.499129       0.525479     -0.0771813
0.499799       0.526149     -0.0762483
0.500469       0.526817     -0.0753153
0.501138       0.527485     -0.0743821
0.501806       0.528152      -0.073449
0.502474       0.528818     -0.0725157
0.503141       0.529483     -0.0715825
0.503807       0.530147     -0.0706491
0.504473        0.53081     -0.0697157
0.505139       0.531473     -0.0687823
0.505804       0.532134     -0.0678488
0.506468       0.532794     -0.0669152
0.507132       0.533454     -0.0659816
0.507796       0.534113     -0.0650479
0.508458        0.53477     -0.0641142
0.509121       0.535427     -0.0631804
0.509782       0.536083     -0.0622466
0.510444       0.536738     -0.0613127
0.511104       0.537392     -0.0603788
0.511765       0.538046     -0.0594448
0.512424       0.538698     -0.0585108
0.513083       0.539349     -0.0575767
0.513742           0.54     -0.0566426
0.5144        0.54065     -0.0557084
0.515058       0.541298     -0.0547742
0.515715       0.541946     -0.0538399
0.516372       0.542594     -0.0529055
0.517028        0.54324     -0.0519712
0.517683       0.543885     -0.0510367
0.518339        0.54453     -0.0501022
0.518993       0.545173     -0.0491677
0.519647       0.545816     -0.0482331
0.520301       0.546458     -0.0472985
0.520954       0.547099     -0.0463638
0.521607       0.547739     -0.0454291
0.522259       0.548378     -0.0444943
0.522911       0.549017     -0.0435595
0.523563       0.549654     -0.0426246
0.524213       0.550291     -0.0416897
0.524864       0.550927     -0.0407548
0.525514       0.551562     -0.0398198
0.526163       0.552197     -0.0388847
0.526812        0.55283     -0.0379496
0.527461       0.553463     -0.0370145
0.528109       0.554094     -0.0360793
0.528757       0.554725      -0.035144
0.529404       0.555355     -0.0342088
0.530051       0.555985     -0.0332734
0.530697       0.556613     -0.0323381
0.531343       0.557241     -0.0314027
0.531988       0.557868     -0.0304672
0.532633       0.558494     -0.0295317
0.533278       0.559119     -0.0285962
0.533922       0.559743     -0.0276606
0.534566       0.560367      -0.026725
0.535209       0.560989     -0.0257893
0.535852       0.561611     -0.0248536
0.536495       0.562232     -0.0239178
0.537137       0.562853      -0.022982
0.537778       0.563472     -0.0220462
0.53842       0.564091     -0.0211103
0.53906       0.564709     -0.0201744
0.539701       0.565326     -0.0192385
0.540341       0.565943     -0.0183025
0.54098       0.566558     -0.0173664
0.54162       0.567173     -0.0164303
0.542258       0.567787     -0.0154942
0.542897         0.5684     -0.0145581
0.543535       0.569012     -0.0136219
0.544172       0.569624     -0.0126856
0.54481       0.570235     -0.0117493
0.545446       0.570845      -0.010813
0.546083       0.571454    -0.00987668
0.546719       0.572063    -0.00894028
0.547355        0.57267    -0.00800385
0.54799       0.573277    -0.00706738
0.548625       0.573884    -0.00613088
0.549259       0.574489    -0.00519433
0.549894       0.575094    -0.00425775
0.550527       0.575698    -0.00332113
0.551161       0.576301    -0.00238447
0.551794       0.576903    -0.00144778
0.552427       0.577505   -0.000511053
0.553059       0.578106    0.000425712
0.553691       0.578706     0.00136251
0.554323       0.579305     0.00229935
0.554954       0.579904     0.00323622
0.555585       0.580502     0.00417313
0.556215       0.581099     0.00511007
0.556846       0.581695     0.00604705
0.557476       0.582291     0.00698407
0.558105       0.582885     0.00792111
0.558734        0.58348      0.0088582
0.559363       0.584073     0.00979531
0.559992       0.584666      0.0107325
0.56062       0.585257      0.0116696
0.561248       0.585849      0.0126069
0.561875       0.586439      0.0135441
0.562502       0.587029      0.0144814
0.563129       0.587618      0.0154187
0.563756       0.588206      0.0163561
0.564382       0.588793      0.0172935
0.565008        0.58938      0.0182309
0.565633       0.589966      0.0191683
0.566258       0.590552      0.0201058
0.566883       0.591136      0.0210433
0.567508        0.59172      0.0219808
0.568132       0.592303      0.0229184
0.568756       0.592886       0.023856
0.56938       0.593467      0.0247937
0.570003       0.594048      0.0257313
0.570626       0.594629       0.026669
0.571249       0.595208      0.0276068
0.571871       0.595787      0.0285445
0.572493       0.596365      0.0294823
0.573115       0.596943      0.0304201
0.573736       0.597519       0.031358
0.574358       0.598095      0.0322959
0.574978       0.598671      0.0332338
0.575599       0.599245      0.0341717
0.576219       0.599819      0.0351097
0.576839       0.600393      0.0360477
0.577459       0.600965      0.0369857
0.578079       0.601537      0.0379238
0.578698       0.602108      0.0388618
0.579317       0.602679         0.0398
0.579935       0.603248      0.0407381
0.580554       0.603817      0.0416763
0.581172       0.604386      0.0426145
0.581789       0.604953      0.0435527
0.582407        0.60552      0.0444909
0.583024       0.606087      0.0454292
0.583641       0.606652      0.0463675
0.584258       0.607217      0.0473058
0.584874       0.607781      0.0482442
0.58549       0.608345      0.0491826
0.586106       0.608908       0.050121
0.586722        0.60947      0.0510594
0.587337       0.610032      0.0519979
0.587952       0.610592      0.0529364
0.588567       0.611153      0.0538749
0.589182       0.611712      0.0548134
0.589796       0.612271       0.055752
0.59041       0.612829      0.0566906
0.591024       0.613386      0.0576292
0.591638       0.613943      0.0585678
0.592251       0.614499      0.0595065
0.592864       0.615055      0.0604452
0.593477        0.61561      0.0613839
0.59409       0.616164      0.0623227
0.594702       0.616717      0.0632614
0.595314        0.61727      0.0642002
0.595926       0.617822       0.065139
0.596538       0.618374      0.0660779
0.597149       0.618924      0.0670167
0.59776       0.619475      0.0679556
0.598371       0.620024      0.0688945
0.598982       0.620573      0.0698334
0.599592       0.621121      0.0707724
0.600203       0.621669      0.0717113
0.600813       0.622216      0.0726503
0.601423       0.622762      0.0735894
0.602032       0.623307      0.0745284
0.602642       0.623852      0.0754675
0.603251       0.624397      0.0764065
0.60386        0.62494      0.0773457
0.604468       0.625483      0.0782848
0.605077       0.626025      0.0792239
0.605685       0.626567      0.0801631
0.606293       0.627108      0.0811023
0.606901       0.627649      0.0820415
0.607509       0.628188      0.0829807
0.608116       0.628727        0.08392
0.608724       0.629266      0.0848593
0.609331       0.629804      0.0857986
0.609937       0.630341      0.0867379
0.610544       0.630878      0.0876772
0.611151       0.631413      0.0886166
0.611757       0.631949      0.0895559
0.612363       0.632483      0.0904953
0.612969       0.633017      0.0914348
0.613574       0.633551      0.0923742
0.61418       0.634084      0.0933136
0.614785       0.634616      0.0942531
0.61539       0.635147      0.0951926
0.615995       0.635678      0.0961321
0.6166       0.636208      0.0970716
0.617204       0.636738      0.0980112
0.617809       0.637267      0.0989508
0.618413       0.637795      0.0998903
0.619017       0.638323        0.10083
0.619621        0.63885        0.10177
0.620224       0.639376       0.102709
0.620828       0.639902       0.103649
0.621431       0.640428       0.104589
0.622034       0.640952       0.105528
0.622637       0.641476       0.106468
0.62324          0.642       0.107408
0.623842       0.642522       0.108347
0.624445       0.643044       0.109287
0.625047       0.643566       0.110227
0.625649       0.644087       0.111167
0.626251       0.644607       0.112107
0.626853       0.645127       0.113046
0.627454       0.645646       0.113986
0.628056       0.646164       0.114926
0.628657       0.646682       0.115866
0.629258         0.6472       0.116806
0.629859       0.647716       0.117746
0.63046       0.648232       0.118686
0.63106       0.648748       0.119626
0.631661       0.649262       0.120566
0.632261       0.649777       0.121506
0.632861        0.65029       0.122445
0.633461       0.650803       0.123385
0.634061       0.651316       0.124326
0.634661       0.651827       0.125266
0.63526       0.652339       0.126206
0.63586       0.652849       0.127146
0.636459       0.653359       0.128086
0.637058       0.653869       0.129026
0.637657       0.654377       0.129966
0.638256       0.654886       0.130906
0.638855       0.655393       0.131846
0.639454         0.6559       0.132786
0.640052       0.656406       0.133726
0.640651       0.656912       0.134667
0.641249       0.657417       0.135607
0.641847       0.657922       0.136547
0.642445       0.658426       0.137487
0.643043        0.65893       0.138427
0.64364       0.659432       0.139368
0.644238       0.659935       0.140308
0.644835       0.660436       0.141248
0.645433       0.660937       0.142188
0.64603       0.661438       0.143129
0.646627       0.661938       0.144069
0.647224       0.662437       0.145009
0.647821       0.662936        0.14595
0.648417       0.663434        0.14689
0.649014       0.663931        0.14783
0.649611       0.664428       0.148771
0.650207       0.664925       0.149711
0.650803        0.66542       0.150651
0.651399       0.665916       0.151592
0.651995        0.66641       0.152532
0.652591       0.666904       0.153472
0.653187       0.667398       0.154413
0.653783       0.667891       0.155353
0.654379       0.668383       0.156294
0.654974       0.668875       0.157234
0.655569       0.669366       0.158175
0.656165       0.669856       0.159115
0.65676       0.670346       0.160056
0.657355       0.670836       0.160996
0.65795       0.671324       0.161937
0.658545       0.671813       0.162877
0.65914         0.6723       0.163818
0.659735       0.672787       0.164758
0.660329       0.673274       0.165699
0.660924        0.67376       0.166639
0.661518       0.674245        0.16758
0.662113        0.67473        0.16852
0.662707       0.675214       0.169461
0.663301       0.675698       0.170402
0.663895       0.676181       0.171342
0.664489       0.676664       0.172283
0.665083       0.677146       0.173223
0.665677       0.677627       0.174164
0.666271       0.678108       0.175105
0.666865       0.678588       0.176045
0.667458       0.679068       0.176986
0.668052       0.679547       0.177926
0.668645       0.680025       0.178867
0.669239       0.680503       0.179808
0.669832       0.680981       0.180748
0.670425       0.681458       0.181689
0.671018       0.681934        0.18263
0.671611        0.68241        0.18357
0.672204       0.682885       0.184511
0.672797       0.683359       0.185452
0.67339       0.683833       0.186393
0.673983       0.684307       0.187333
0.674576        0.68478       0.188274
0.675169       0.685252       0.189215
0.675761       0.685724       0.190155
0.676354       0.686195       0.191096
0.676946       0.686666       0.192037
0.677539       0.687136       0.192978
0.678131       0.687605       0.193918
0.678724       0.688074       0.194859
0.679316       0.688543         0.1958
0.679908       0.689011       0.196741
0.6805       0.689478       0.197682
0.681092       0.689945       0.198622
0.681684       0.690411       0.199563
0.682277       0.690877       0.200504
0.682868       0.691342       0.201445
0.68346       0.691806       0.202386
0.684052        0.69227       0.203326
0.684644       0.692734       0.204267
0.685236       0.693197       0.205208
0.685828       0.693659       0.206149
0.686419       0.694121        0.20709
0.687011       0.694582       0.208031
0.687603       0.695043       0.208971
0.688194       0.695503       0.209912
0.688786       0.695962       0.210853
0.689377       0.696421       0.211794
0.689969        0.69688       0.212735
0.69056       0.697338       0.213676
0.691152       0.697795       0.214616
0.691743       0.698252       0.215557
0.692334       0.698708       0.216498
0.692926       0.699164       0.217439
0.693517       0.699619        0.21838
0.694108       0.700074       0.219321
0.694699       0.700528       0.220262
0.695291       0.700982       0.221203
0.695882       0.701435       0.222143
0.696473       0.701887       0.223084
0.697064       0.702339       0.224025
0.697655        0.70279       0.224966
0.698246       0.703241       0.225907
0.698837       0.703692       0.226848
0.699428       0.704141       0.227789
0.700019       0.704591        0.22873
0.70061       0.705039       0.229671
0.701201       0.705487       0.230611
0.701792       0.705935       0.231552
0.702383       0.706382       0.232493
0.702974       0.706829       0.233434
0.703565       0.707274       0.234375
0.704156        0.70772       0.235316
0.704747       0.708165       0.236257
0.705338       0.708609       0.237198
0.705929       0.709053       0.238139
0.70652       0.709496        0.23908
0.707111       0.709939       0.240021
0.707702       0.710381       0.240961
0.708293       0.710823       0.241902
0.708884       0.711264       0.242843
0.709475       0.711704       0.243784
0.710065       0.712145       0.244725
0.710656       0.712584       0.245666
0.711247       0.713023       0.246607
0.711838       0.713461       0.247548
0.712429       0.713899       0.248489
0.71302       0.714337        0.24943
0.713611       0.714774       0.250371
0.714202        0.71521       0.251311
0.714793       0.715646       0.252252
0.715384       0.716081       0.253193
0.715975       0.716515       0.254134
0.716566        0.71695       0.255075
0.717157       0.717383       0.256016
0.717748       0.717816       0.256957
0.718339       0.718249       0.257898
0.71893       0.718681       0.258839
0.719521       0.719112        0.25978
0.720112       0.719543        0.26072
0.720703       0.719974       0.261661
0.721294       0.720404       0.262602
0.721885       0.720833       0.263543
0.722477       0.721262       0.264484
0.723068        0.72169       0.265425
0.723659       0.722118       0.266366
0.72425       0.722545       0.267307
0.724842       0.722972       0.268247
0.725433       0.723398       0.269188
0.726024       0.723824       0.270129
0.726616       0.724249        0.27107
0.727207       0.724674       0.272011
0.727798       0.725098       0.272952
0.72839       0.725521       0.273893
0.728981       0.725944       0.274833
0.729573       0.726367       0.275774
0.730164       0.726789       0.276715
0.730756        0.72721       0.277656
0.731348       0.727631       0.278597
0.731939       0.728052       0.279538
0.732531       0.728471       0.280479
0.733123       0.728891       0.281419
0.733715        0.72931        0.28236
0.734306       0.729728       0.283301
0.734898       0.730146       0.284242
0.73549       0.730563       0.285183
0.736082       0.730979       0.286123
0.736674       0.731396       0.287064
0.737266       0.731811       0.288005
0.737859       0.732226       0.288946
0.738451       0.732641       0.289887
0.739043       0.733055       0.290827
0.739635       0.733469       0.291768
0.740228       0.733882       0.292709
0.74082       0.734294        0.29365
0.741413       0.734706        0.29459
0.742005       0.735118       0.295531
0.742598       0.735529       0.296472
0.74319       0.735939       0.297413
0.743783       0.736349       0.298353
0.744376       0.736758       0.299294
0.744969       0.737167       0.300235
0.745561       0.737576       0.301175
0.746154       0.737983       0.302116
0.746747       0.738391       0.303057
0.74734       0.738797       0.303998
0.747934       0.739204       0.304938
0.748527       0.739609       0.305879
0.74912       0.740015        0.30682
0.749714       0.740419        0.30776
0.750307       0.740823       0.308701
0.7509       0.741227       0.309642
0.751494        0.74163       0.310582
0.752088       0.742033       0.311523
0.752681       0.742435       0.312463
0.753275       0.742836       0.313404
0.753869       0.743237       0.314345
0.754463       0.743638       0.315285
0.755057       0.744038       0.316226
0.755651       0.744437       0.317166
0.756246       0.744836       0.318107
0.75684       0.745235       0.319048
0.757434       0.745633       0.319988
0.758029        0.74603       0.320929
0.758623       0.746427       0.321869
0.759218       0.746823        0.32281
0.759813       0.747219        0.32375
0.760407       0.747614       0.324691
0.761002       0.748009       0.325631
0.761597       0.748404       0.326572
0.762192       0.748797       0.327512
0.762788       0.749191       0.328453
0.763383       0.749583       0.329393
0.763978       0.749976       0.330334
0.764574       0.750367       0.331274
0.765169       0.750758       0.332215
0.765765       0.751149       0.333155
0.766361       0.751539       0.334096
0.766957       0.751929       0.335036
0.767553       0.752318       0.335976
0.768149       0.752707       0.336917
0.768745       0.753095       0.337857
0.769341       0.753482       0.338797
0.769938       0.753869       0.339738
0.770534       0.754256       0.340678
0.771131       0.754642       0.341619
0.771727       0.755027       0.342559
0.772324       0.755412       0.343499
0.772921       0.755797       0.344439
0.773518       0.756181        0.34538
0.774115       0.756564        0.34632
0.774713       0.756947        0.34726
0.77531       0.757329       0.348201
0.775908       0.757711       0.349141
0.776505       0.758092       0.350081
0.777103       0.758473       0.351021
0.777701       0.758854       0.351962
0.778299       0.759233       0.352902
0.778897       0.759613       0.353842
0.779495       0.759991       0.354782
0.780094        0.76037       0.355722
0.780692       0.760747       0.356662
0.781291       0.761125       0.357603
0.78189       0.761501       0.358543
0.782488       0.761878       0.359483
0.783087       0.762253       0.360423
0.783687       0.762628       0.361363
0.784286       0.763003       0.362303
0.784885       0.763377       0.363243
0.785485       0.763751       0.364183
0.786085       0.764124       0.365123
0.786684       0.764496       0.366063
0.787284       0.764868       0.367003
0.787884        0.76524       0.367943
0.788485       0.765611       0.368883
0.789085       0.765981       0.369823
0.789685       0.766351       0.370763
0.790286       0.766721       0.371703
0.790887        0.76709       0.372643
0.791488       0.767458       0.373583
0.792089       0.767826       0.374523
0.79269       0.768194       0.375463
0.793292       0.768561       0.376402
0.793893       0.768927       0.377342
0.794495       0.769293       0.378282
0.795097       0.769658       0.379222
0.795699       0.770023       0.380162
0.796301       0.770387       0.381102
0.796903       0.770751       0.382041
0.797505       0.771114       0.382981
0.798108       0.771477       0.383921
0.798711       0.771839       0.384861
0.799314       0.772201         0.3858
0.799917       0.772562        0.38674
0.80052       0.772923        0.38768
0.801123       0.773283       0.388619
0.801727       0.773643       0.389559
0.802331       0.774002       0.390499
0.802935       0.774361       0.391438
0.803539       0.774719       0.392378
0.804143       0.775076       0.393317
0.804747       0.775433       0.394257
0.805352        0.77579       0.395196
0.805957       0.776146       0.396136
0.806562       0.776502       0.397075
0.807167       0.776857       0.398015
0.807772       0.777211       0.398954
0.808377       0.777565       0.399894
0.808983       0.777919       0.400833
0.809589       0.778272       0.401773
0.810195       0.778624       0.402712
0.810801       0.778976       0.403652
0.811407       0.779327       0.404591
0.812014       0.779678        0.40553
0.81262       0.780029        0.40647
0.813227       0.780378       0.407409
0.813834       0.780728       0.408348
0.814442       0.781076       0.409287
0.815049       0.781425       0.410227
0.815657       0.781773       0.411166
0.816264        0.78212       0.412105
0.816872       0.782467       0.413044
0.817481       0.782813       0.413984
0.818089       0.783158       0.414923
0.818698       0.783504       0.415862
0.819306       0.783848       0.416801
0.819915       0.784192        0.41774
0.820525       0.784536       0.418679
0.821134       0.784879       0.419618
0.821744       0.785222       0.420557
0.822353       0.785564       0.421496
0.822963       0.785905       0.422435
0.823574       0.786246       0.423374
0.824184       0.786587       0.424313
0.824795       0.786927       0.425252
0.825405       0.787266       0.426191
0.826016       0.787605        0.42713
0.826628       0.787944       0.428069
0.827239       0.788282       0.429008
0.827851       0.788619       0.429947
0.828462       0.788956       0.430885
0.829075       0.789292       0.431824
0.829687       0.789628       0.432763
0.830299       0.789963       0.433702
0.830912       0.790298        0.43464
0.831525       0.790632       0.435579
0.832138       0.790966       0.436518
0.832752       0.791299       0.437456
0.833365       0.791632       0.438395
0.833979       0.791964       0.439334
0.834593       0.792296       0.440272
0.835207       0.792627       0.441211
0.835822       0.792958       0.442149
0.836436       0.793288       0.443088
0.837051       0.793617       0.444026
0.837667       0.793946       0.444965
0.838282       0.794275       0.445903
0.838898       0.794603       0.446842
0.839514        0.79493        0.44778
0.84013       0.795257       0.448719
0.840746       0.795584       0.449657
0.841363        0.79591       0.450595
0.84198       0.796235       0.451534
0.842597        0.79656       0.452472
0.843214       0.796884        0.45341
0.843831       0.797208       0.454348
0.844449       0.797531       0.455287
0.845067       0.797854       0.456225
0.845686       0.798176       0.457163
0.846304       0.798498       0.458101
0.846923       0.798819       0.459039
0.847542        0.79914       0.459977
0.848161        0.79946       0.460915
0.848781       0.799779       0.461854
0.849401       0.800098       0.462792
0.850021       0.800417        0.46373
0.850641       0.800735       0.464668
0.851262       0.801053       0.465605
0.851882       0.801369       0.466543
0.852503       0.801686       0.467481
0.853125       0.802002       0.468419
0.853746       0.802317       0.469357
0.854368       0.802632       0.470295
0.85499       0.802946       0.471233
0.855613        0.80326        0.47217
0.856235       0.803573       0.473108
0.856858       0.803886       0.474046
0.857482       0.804198       0.474983
0.858105        0.80451       0.475921
0.858729       0.804821       0.476859
0.859353       0.805132       0.477796
0.859977       0.805442       0.478734
0.860602       0.805751       0.479671
0.861227        0.80606       0.480609
0.861852       0.806369       0.481546
0.862477       0.806677       0.482484
0.863103       0.806984       0.483421
0.863729       0.807291       0.484359
0.864355       0.807598       0.485296
0.864982       0.807903       0.486233
0.865608       0.808209       0.487171
0.866236       0.808514       0.488108
0.866863       0.808818       0.489045
0.867491       0.809121       0.489983
0.868119       0.809425        0.49092
0.868747       0.809727       0.491857
0.869375       0.810029       0.492794
0.870004       0.810331       0.493731
0.870634       0.810632       0.494668
0.871263       0.810932       0.495605
0.871893       0.811232       0.496542
0.872523       0.811532       0.497479
0.873153       0.811831       0.498416
0.873784       0.812129       0.499353
0.874415       0.812427        0.50029
0.875046       0.812724       0.501227
0.875678       0.813021       0.502164
0.87631       0.813317       0.503101
0.876942       0.813613       0.504037
0.877574       0.813908       0.504974
0.878207       0.814202       0.505911
0.87884       0.814496       0.506848
0.879474        0.81479       0.507784
0.880108       0.815083       0.508721
0.880742       0.815375       0.509657
0.881376       0.815667       0.510594
0.882011       0.815959       0.511531
0.882646       0.816249       0.512467
0.883281        0.81654       0.513403
0.883917       0.816829        0.51434
0.884553       0.817119       0.515276
0.885189       0.817407       0.516213
0.885826       0.817695       0.517149
0.886463       0.817983       0.518085
0.887101        0.81827       0.519022
0.887738       0.818556       0.519958
0.888376       0.818842       0.520894
0.889015       0.819128        0.52183
0.889653       0.819412       0.522766
0.890292       0.819697       0.523702
0.890932        0.81998       0.524638
0.891572       0.820264       0.525574
0.892212       0.820546        0.52651
0.892852       0.820828       0.527446
0.893493        0.82111       0.528382
0.894134       0.821391       0.529318
0.894775       0.821671       0.530254
0.895417       0.821951        0.53119
0.896059       0.822231       0.532126
0.896702       0.822509       0.533061
0.897345       0.822788       0.533997
0.897988       0.823065       0.534933
0.898632       0.823343       0.535868
0.899276       0.823619       0.536804
0.89992       0.823895        0.53774
0.900565       0.824171       0.538675
0.90121       0.824446       0.539611
0.901855        0.82472       0.540546
0.902501       0.824994       0.541482
0.903147       0.825267       0.542417
0.903794        0.82554       0.543352
0.90444       0.825812       0.544288
0.905088       0.826084       0.545223
0.905735       0.826355       0.546158
0.906383       0.826625       0.547093
0.907032       0.826895       0.548028
0.907681       0.827165       0.548964
0.90833       0.827434       0.549899
0.908979       0.827702       0.550834
0.909629        0.82797       0.551769
0.910279       0.828237       0.552704
0.91093       0.828503       0.553639
0.911581       0.828769       0.554573
0.912233       0.829035       0.555508
0.912885         0.8293       0.556443
0.913537       0.829564       0.557378
0.91419       0.829828       0.558313
0.914843       0.830091       0.559247
0.915496       0.830354       0.560182
0.91615       0.830616       0.561117
0.916804       0.830878       0.562051
0.917459       0.831139       0.562986
0.918114       0.831399        0.56392
0.918769       0.831659       0.564855
0.919425       0.831918       0.565789
0.920081       0.832177       0.566723
0.920738       0.832435       0.567658
0.921395       0.832693       0.568592
0.922053        0.83295       0.569526
0.922711       0.833206       0.570461
0.923369       0.833462       0.571395
0.924028       0.833718       0.572329
0.924687       0.833972       0.573263
0.925347       0.834227       0.574197
0.926007        0.83448       0.575131
0.926667       0.834733       0.576065
0.927328       0.834986       0.576999
0.927989       0.835238       0.577933
0.928651       0.835489       0.578866
0.929313        0.83574         0.5798
0.929976        0.83599       0.580734
0.930639        0.83624       0.581668
0.931303       0.836489       0.582601
0.931967       0.836737       0.583535
0.932631       0.836985       0.584469
0.933296       0.837232       0.585402
0.933961       0.837479       0.586336
0.934627       0.837725       0.587269
0.935293       0.837971       0.588202
0.93596       0.838216       0.589136
0.936627        0.83846       0.590069
0.937294       0.838704       0.591002
0.937962       0.838948       0.591935
0.938631        0.83919       0.592869
0.939299       0.839432       0.593802
0.939969       0.839674       0.594735
0.940639       0.839915       0.595668
0.941309       0.840155       0.596601
0.94198       0.840395       0.597534
0.942651       0.840634       0.598467
0.943323       0.840873       0.599399
0.943995       0.841111       0.600332
0.944667       0.841348       0.601265
0.94534       0.841585       0.602198
0.946014       0.841821        0.60313
0.946688       0.842057       0.604063
0.947363       0.842292       0.604995
0.948038       0.842527       0.605928
0.948713       0.842761        0.60686
0.949389       0.842994       0.607793
0.950066       0.843227       0.608725
0.950743       0.843459       0.609657
0.95142        0.84369        0.61059
0.952098       0.843921       0.611522
0.952777       0.844152       0.612454
0.953455       0.844381       0.613386
0.954135       0.844611       0.614318
0.954815       0.844839        0.61525
0.955495       0.845067       0.616182
0.956176       0.845295       0.617114
0.956858       0.845521       0.618046
0.95754       0.845748       0.618978
0.958222       0.845973       0.619909
0.958905       0.846198       0.620841
0.959589       0.846423       0.621773
0.960273       0.846646       0.622704
0.960957        0.84687       0.623636
0.961642       0.847092       0.624567
0.962328       0.847314       0.625499
0.963014       0.847535        0.62643
0.963701       0.847756       0.627362
0.964388       0.847976       0.628293
0.965076       0.848196       0.629224
0.965764       0.848415       0.630155
0.966453       0.848633       0.631086
0.967142       0.848851       0.632017
0.967832       0.849068       0.632948
0.968522       0.849285       0.633879
0.969213       0.849501        0.63481
0.969905       0.849716       0.635741
0.970597       0.849931       0.636672
0.971289       0.850145       0.637603
0.971982       0.850358       0.638533
0.972676       0.850571       0.639464
0.97337       0.850783       0.640395
0.974065       0.850995       0.641325
0.974761       0.851206       0.642256
0.975457       0.851416       0.643186
0.976153       0.851626       0.644116
0.97685       0.851835       0.645047
0.977548       0.852044       0.645977
0.978246       0.852252       0.646907
0.978945       0.852459       0.647837
0.979644       0.852665       0.648767
0.980344       0.852871       0.649697
0.981044       0.853077       0.650627
0.981745       0.853282       0.651557
0.982447       0.853486       0.652487
0.983149       0.853689       0.653417
0.983852       0.853892       0.654346
0.984556       0.854095       0.655276
0.98526       0.854296       0.656206
0.985964       0.854497       0.657135
0.98667       0.854698       0.658065
0.987375       0.854897       0.658994
0.988082       0.855097       0.659923
0.988789       0.855295       0.660853
0.989496       0.855493       0.661782
0.990205        0.85569       0.662711
0.990914       0.855887        0.66364
0.991623       0.856083       0.664569
0.992333       0.856278       0.665498
0.993044       0.856473       0.666427
0.993755       0.856667       0.667356
0.994467        0.85686       0.668285
0.99518       0.857053       0.669214
0.995893       0.857245       0.670142
0.996607       0.857436       0.671071
0.997321       0.857627          0.672
0.998036       0.857817       0.672928
0.998752       0.858007       0.673856
0.999468       0.858196       0.674785
1.00019       0.858384       0.675713

Iterations quantity is 1405
